{
 "cells": [
  {
   "cell_type": "code",
   "execution_count": null,
   "metadata": {},
   "outputs": [],
   "source": [
    "# Задание 1.1"
   ]
  },
  {
   "cell_type": "code",
   "execution_count": 1,
   "metadata": {},
   "outputs": [
    {
     "name": "stdout",
     "output_type": "stream",
     "text": [
      "Номер студента в группе: 9\n",
      "\n",
      "Задание 1.1:\n",
      "\n",
      "Матрица А:\n",
      " [[829.5   825.    825.   ]\n",
      " [825.55  828.947 825.   ]\n",
      " [824.45  825.    830.053]]\n",
      "\n",
      "Вектор b: [2479.5 2479.5 2479.5]\n",
      "\n",
      "Вектор b приближённой матрицы: [2504.295 2454.705 2504.295]\n",
      "\n",
      "Обратная матрца A:\n",
      " [[ 0.15054172 -0.08429439 -0.06584404]\n",
      " [-0.10270084  0.16899852 -0.06589409]\n",
      " [-0.0474499  -0.08424434  0.13209728]]\n",
      "\n",
      "Норма матрицы А: 2479.5084122902263\n",
      "Норма обратной матрицы А: 0.3230357243783606\n",
      "1. Число обусловленности матрицы: 837.064 (Использована стандратная норма из задания)\n",
      "2. Число обусловленности полученное функцией cond библиотеки numpy: 837.064\n",
      "3. Таким образом исходная матрицы обусловлена плохо (т.к. cond(A) > 10^(2))\n",
      "\n",
      "Вектор b [2479.5 2479.5 2479.5]\n",
      "Приближённый вектор b [2504.295 2454.705 2504.295]\n",
      "Вектор погрешностей delta_b: [ 24.795 -24.795  24.795]\n",
      "Вектор ответов x: [0.99994465 1.00070468 0.99935098]\n",
      "Вектор ошибок delta_x: [ 4.19015823 -8.37062959  4.1876705 ]\n",
      "Норма вектора x: 1.0007046778332551\n",
      "Норма вектора delta_x: 8.370629592631344\n",
      "Относительная погрешность:  0.11954951139089637\n",
      "\n",
      "Норма вектора delta_b: 24.795000000000073\n",
      "Норма вектора b: 2479.5\n",
      "cond(A) * norm(delta_b)/norm(b): 8.370639720434845\n"
     ]
    }
   ],
   "source": [
    "import numpy as np\n",
    "from numpy import linalg as lg\n",
    "import math\n",
    "\n",
    "# Задание 1.1\n",
    "N = float(input(\"Номер студента в группе: \"))\n",
    "alpha = (53-50)/(100)\n",
    "\n",
    "def norm_A1(matrix: np.ndarray) -> int:\n",
    "    return max(np.sum(np.absolute(matrix), axis=1))\n",
    "\n",
    "#def vec_norm(vector: np.ndarray) -> int:\n",
    "#    return sum(np.absolute(vector))\n",
    "\n",
    "# Дана СЛАУ: \n",
    "A = np.array([[150*(1 + 1/2 * N + alpha), 150*(1 + 1/2 * N), 150*(1 + 1/2 * N)],\n",
    "                 [150.1*(1 + 1/2 * N), 149.9*(1 + 1/2 * N + alpha), 150*(1 + 1/2 * N)],\n",
    "                 [149.9*(1 + 1/2 * N), 150*(1 + 1/2 * N), 150.1*(1 + 1/2 * N + alpha)]])\n",
    "\n",
    "vector_b = np.array([150*(3 + 3/2 * N + alpha), 150*(3 + 3/2 * N + alpha), 150*(3 + 3/2*N + alpha)])\n",
    "\n",
    "approximate_vector_b = (np.array([150*(3 + 3/2 * N + alpha)*(1 + 0.01), 150*(3 + 3/2 * N + alpha)*(1 - 0.01), \n",
    "                                         150*(3 + 3/2*N + alpha)*(1 + 0.01)]))\n",
    "\n",
    "print(\"\\nЗадание 1.1:\\n\")\n",
    "print(\"Матрица А:\\n\", A)\n",
    "print(\"\\nВектор b:\", vector_b)\n",
    "print(\"\\nВектор b приближённой матрицы:\", approximate_vector_b)\n",
    "print(\"\\nОбратная матрца A:\\n\", lg.inv(A))\n",
    "\n",
    "# Приближённая СЛАУ имеет вид:\n",
    "\n",
    "\"\"\"approximate_A = np.array([[100*(1 + 1/2 * N), 100(1 + 1/2 * N), 100(1 + 1/2 * N)],\n",
    "                 [100.1*(1 + 1/2 * N), 99.9(1 + 1/2 * N), 100(1 + 1/2 * N)],\n",
    "                 [99.9*(1 + 1/2 * N), 100(1 + 1/2 * N), 100.1(1 + 1/2 * N)]])\"\"\"\n",
    "\n",
    "# Найдём число обусловленности матрицы:\n",
    "print(f\"\\nНорма матрицы А: {lg.norm(A)}\")\n",
    "print(f\"Норма обратной матрицы А: {lg.norm(lg.inv(A))}\")\n",
    "cond_A = norm_A1(A) * norm_A1(lg.inv(A))\n",
    "print(f\"1. Число обусловленности матрицы: {cond_A:.3f} (Использована стандратная норма из задания)\")\n",
    "print(f\"2. Число обусловленности полученное функцией cond библиотеки numpy: {lg.cond(A, np.inf):.3f}\")\n",
    "print(\"3. Таким образом исходная матрицы обусловлена плохо (т.к. cond(A) > 10^(2))\\n\")\n",
    "\n",
    "#Найдём относительную погрешность в решении приближенной СЛАУ\n",
    "\n",
    "delta_b = np.subtract(approximate_vector_b, vector_b)\n",
    "vector_x = lg.inv(A) @ vector_b\n",
    "delta_x = lg.inv(A) @ delta_b\n",
    "relative_error = lg.norm(vector_x, np.inf) / lg.norm(delta_x, np.inf)\n",
    "\n",
    "print(\"Вектор b\", vector_b)\n",
    "print(\"Приближённый вектор b\", approximate_vector_b)\n",
    "print(\"Вектор погрешностей delta_b:\", delta_b)\n",
    "print(\"Вектор ответов x:\", vector_x)\n",
    "print(\"Вектор ошибок delta_x:\", delta_x)\n",
    "print(\"Норма вектора x:\", lg.norm(vector_x, np.inf))\n",
    "print(\"Норма вектора delta_x:\", lg.norm(delta_x, np.inf))\n",
    "print(\"Относительная погрешность: \", relative_error)\n",
    "print()\n",
    "print(\"Норма вектора delta_b:\", lg.norm(delta_b, np.inf))\n",
    "print(\"Норма вектора b:\", lg.norm(vector_b, np.inf))\n",
    "print(\"cond(A) * norm(delta_b)/norm(b):\", cond_A * lg.norm(delta_b, np.inf) / lg.norm(vector_b, np.inf))"
   ]
  },
  {
   "cell_type": "code",
   "execution_count": null,
   "metadata": {},
   "outputs": [],
   "source": [
    "# Задание 1.2\n",
    "# lambda + alpha = 0.6; F = arctg(x); a = 0; b = 1; alpha = (55-53)/100\n",
    "# h = (b - a) / (10);"
   ]
  },
  {
   "cell_type": "code",
   "execution_count": 1,
   "metadata": {},
   "outputs": [
    {
     "name": "stdout",
     "output_type": "stream",
     "text": [
      "Матрица А:\n",
      "[0.00025, 0.00075, 0.00125, 0.00175, 0.00225, 0.002749, 0.003249, 0.003748, 0.004247, 0.004746]\n",
      "[0.00075, 0.00225, 0.003748, 0.005245, 0.00674, 0.008231, 0.009719, 0.011203, 0.012682, 0.014155]\n",
      "[0.00125, 0.003748, 0.006242, 0.008728, 0.011203, 0.013664, 0.016109, 0.018535, 0.020939, 0.023318]\n",
      "[0.00175, 0.005245, 0.008728, 0.012189, 0.015622, 0.019017, 0.022369, 0.025671, 0.028916, 0.0321]\n",
      "[0.00225, 0.00674, 0.011203, 0.015622, 0.01998, 0.024262, 0.028456, 0.03255, 0.036533, 0.040399]\n",
      "[0.002749, 0.008231, 0.013664, 0.019017, 0.024262, 0.029375, 0.034334, 0.039124, 0.043731, 0.048149]\n",
      "[0.003249, 0.009719, 0.016109, 0.022369, 0.028456, 0.034334, 0.039975, 0.04536, 0.050476, 0.055319]\n",
      "[0.003748, 0.011203, 0.018535, 0.025671, 0.03255, 0.039124, 0.04536, 0.051239, 0.056754, 0.061907]\n",
      "[0.004247, 0.012682, 0.020939, 0.028916, 0.036533, 0.043731, 0.050476, 0.056754, 0.062567, 0.06793]\n",
      "[0.004746, 0.014155, 0.023318, 0.0321, 0.040399, 0.048149, 0.055319, 0.061907, 0.06793, 0.073419]\n",
      "\n",
      "Единичная матрица E (10 X 10):\n",
      "[1.0, 0.0, 0.0, 0.0, 0.0, 0.0, 0.0, 0.0, 0.0, 0.0]\n",
      "[0.0, 1.0, 0.0, 0.0, 0.0, 0.0, 0.0, 0.0, 0.0, 0.0]\n",
      "[0.0, 0.0, 1.0, 0.0, 0.0, 0.0, 0.0, 0.0, 0.0, 0.0]\n",
      "[0.0, 0.0, 0.0, 1.0, 0.0, 0.0, 0.0, 0.0, 0.0, 0.0]\n",
      "[0.0, 0.0, 0.0, 0.0, 1.0, 0.0, 0.0, 0.0, 0.0, 0.0]\n",
      "[0.0, 0.0, 0.0, 0.0, 0.0, 1.0, 0.0, 0.0, 0.0, 0.0]\n",
      "[0.0, 0.0, 0.0, 0.0, 0.0, 0.0, 1.0, 0.0, 0.0, 0.0]\n",
      "[0.0, 0.0, 0.0, 0.0, 0.0, 0.0, 0.0, 1.0, 0.0, 0.0]\n",
      "[0.0, 0.0, 0.0, 0.0, 0.0, 0.0, 0.0, 0.0, 1.0, 0.0]\n",
      "[0.0, 0.0, 0.0, 0.0, 0.0, 0.0, 0.0, 0.0, 0.0, 1.0]\n",
      "\n",
      "Матрица lbd * A:\n",
      "[0.000145, 0.000435, 0.000725, 0.001015, 0.001305, 0.001595, 0.001884, 0.002174, 0.002464, 0.002753]\n",
      "[0.000435, 0.001305, 0.002174, 0.003042, 0.003909, 0.004774, 0.005637, 0.006498, 0.007355, 0.00821]\n",
      "[0.000725, 0.002174, 0.00362, 0.005062, 0.006498, 0.007925, 0.009343, 0.01075, 0.012144, 0.013524]\n",
      "[0.001015, 0.003042, 0.005062, 0.00707, 0.009061, 0.01103, 0.012974, 0.014889, 0.016771, 0.018618]\n",
      "[0.001305, 0.003909, 0.006498, 0.009061, 0.011588, 0.014072, 0.016505, 0.018879, 0.021189, 0.023431]\n",
      "[0.001595, 0.004774, 0.007925, 0.01103, 0.014072, 0.017037, 0.019914, 0.022692, 0.025364, 0.027926]\n",
      "[0.001884, 0.005637, 0.009343, 0.012974, 0.016505, 0.019914, 0.023186, 0.026309, 0.029276, 0.032085]\n",
      "[0.002174, 0.006498, 0.01075, 0.014889, 0.018879, 0.022692, 0.026309, 0.029719, 0.032917, 0.035906]\n",
      "[0.002464, 0.007355, 0.012144, 0.016771, 0.021189, 0.025364, 0.029276, 0.032917, 0.036289, 0.039399]\n",
      "[0.002753, 0.00821, 0.013524, 0.018618, 0.023431, 0.027926, 0.032085, 0.035906, 0.039399, 0.042583]\n",
      "\n",
      "Матрица (E + lbd*A):\n",
      "[1.000145, 0.000435, 0.000725, 0.001015, 0.001305, 0.001595, 0.001884, 0.002174, 0.002464, 0.002753]\n",
      "[0.000435, 1.001305, 0.002174, 0.003042, 0.003909, 0.004774, 0.005637, 0.006498, 0.007355, 0.00821]\n",
      "[0.000725, 0.002174, 1.00362, 0.005062, 0.006498, 0.007925, 0.009343, 0.01075, 0.012144, 0.013524]\n",
      "[0.001015, 0.003042, 0.005062, 1.00707, 0.009061, 0.01103, 0.012974, 0.014889, 0.016771, 0.018618]\n",
      "[0.001305, 0.003909, 0.006498, 0.009061, 1.011588, 0.014072, 0.016505, 0.018879, 0.021189, 0.023431]\n",
      "[0.001595, 0.004774, 0.007925, 0.01103, 0.014072, 1.017037, 0.019914, 0.022692, 0.025364, 0.027926]\n",
      "[0.001884, 0.005637, 0.009343, 0.012974, 0.016505, 0.019914, 1.023186, 0.026309, 0.029276, 0.032085]\n",
      "[0.002174, 0.006498, 0.01075, 0.014889, 0.018879, 0.022692, 0.026309, 1.029719, 0.032917, 0.035906]\n",
      "[0.002464, 0.007355, 0.012144, 0.016771, 0.021189, 0.025364, 0.029276, 0.032917, 1.036289, 0.039399]\n",
      "[0.002753, 0.00821, 0.013524, 0.018618, 0.023431, 0.027926, 0.032085, 0.035906, 0.039399, 1.042583]\n",
      "\n",
      "Матрица (E + lbd*A)-1:\n",
      "[0.999879, -0.000364, -0.000607, -0.000852, -0.001099, -0.001347, -0.001597, -0.00185, -0.002104, -0.002361]\n",
      "[-0.000364, 0.998908, -0.001823, -0.002556, -0.003293, -0.004034, -0.004779, -0.005529, -0.006282, -0.007039]\n",
      "[-0.000607, -0.001823, 0.99696, -0.004258, -0.005479, -0.006701, -0.007925, -0.009148, -0.010369, -0.011587]\n",
      "[-0.000852, -0.002556, -0.004258, 0.994043, -0.00765, -0.009336, -0.01101, -0.01267, -0.014313, -0.015936]\n",
      "[-0.001099, -0.003293, -0.005479, -0.00765, 0.990199, -0.011924, -0.014015, -0.016066, -0.018073, -0.02003]\n",
      "[-0.001347, -0.004034, -0.006701, -0.009336, -0.011924, 0.985543, -0.016922, -0.019312, -0.021619, -0.023839]\n",
      "[-0.001597, -0.004779, -0.007925, -0.01101, -0.014015, -0.016922, 0.980283, -0.02239, -0.024934, -0.027345]\n",
      "[-0.00185, -0.005529, -0.009148, -0.01267, -0.016066, -0.019312, -0.02239, 0.974709, -0.02801, -0.030549]\n",
      "[-0.002104, -0.006282, -0.010369, -0.014313, -0.018073, -0.021619, -0.024934, -0.02801, 0.96915, -0.033462]\n",
      "[-0.002361, -0.007039, -0.011587, -0.015936, -0.02003, -0.023839, -0.027345, -0.030549, -0.033462, 0.963899]\n",
      "\n",
      "Норма матрицы (E + lbd*A): 1.2444357156185821\n",
      "\n",
      "Норма матрицы (E + lbd*A)-1: 1.1360463877263434\n",
      "\n",
      "Число обусловленности матрицы А: 1.4137366994861373\n",
      "\n",
      "Вектор b\n",
      " [1.01449399 1.04333912 1.07176662 1.09953229 1.12643629 1.15232942\n",
      " 1.17711262 1.20073162 1.223169   1.24443572]\n",
      "\n",
      "Норма вектора b: 1.2444357156185821\n",
      "\n",
      "Вектор delta_b: [ 0.01014494 -0.01043339  0.01071767 -0.01099532  0.01126436 -0.01152329\n",
      "  0.01177113 -0.01200732  0.01223169 -0.01244436]\n",
      "\n",
      "Норма вектора delta_b\n",
      ": 0.01244435715618582\n",
      "\n",
      "Вектор b + вектор delta_b\n",
      " [1.02463893 1.03290573 1.08248428 1.08853697 1.13770065 1.14080613\n",
      " 1.18888375 1.1887243  1.23540069 1.23199136]\n",
      "\n",
      "Решение приближённой СЛАУ\n",
      " [1.01016056 0.98961315 1.01079419 0.98910973 1.01139612 0.98863313\n",
      " 1.0119501  0.9881921  1.01244956 0.98779011]\n",
      "\n",
      "Вектор относительных погрешностей:\n",
      " [ 0.01016056 -0.01038685  0.01079419 -0.01089027  0.01139612 -0.01136687\n",
      "  0.0119501  -0.0118079   0.01244956 -0.01220989]\n",
      "\n",
      "Абсолютная ошибка вычисления: 0.012449562108627707\n",
      "\n",
      "\n",
      "Матрица B:\n",
      "[0.976095, 0.000425, 0.000708, 0.00099, 0.001273, 0.001556, 0.001839, 0.002122, 0.002404, 0.002687]\n",
      "[0.000421, 0.969406, 0.002105, 0.002945, 0.003785, 0.004622, 0.005458, 0.006291, 0.007121, 0.007948]\n",
      "[0.00067, 0.002008, 0.927145, 0.004676, 0.006003, 0.007321, 0.008631, 0.009931, 0.011219, 0.012494]\n",
      "[0.000932, 0.002795, 0.00465, 0.925159, 0.008324, 0.010133, 0.011919, 0.013678, 0.015407, 0.017104]\n",
      "[0.001147, 0.003436, 0.005711, 0.007964, 0.889152, 0.012369, 0.014507, 0.016594, 0.018625, 0.020595]\n",
      "[0.001398, 0.004185, 0.006947, 0.009669, 0.012335, 0.891508, 0.017456, 0.019891, 0.022233, 0.024479]\n",
      "[0.001585, 0.004742, 0.007859, 0.010913, 0.013882, 0.01675, 0.860627, 0.022129, 0.024625, 0.026987]\n",
      "[0.001829, 0.005466, 0.009043, 0.012525, 0.015882, 0.019089, 0.022132, 0.866238, 0.027691, 0.030205]\n",
      "[0.001994, 0.005954, 0.00983, 0.013576, 0.017152, 0.020531, 0.023698, 0.026645, 0.838828, 0.031892]\n",
      "[0.002235, 0.006664, 0.010978, 0.015112, 0.019019, 0.022667, 0.026043, 0.029145, 0.03198, 0.846259]\n",
      "\n",
      "Матрица B-1:\n",
      "[1.024515, -0.000376, -0.000658, -0.000928, -0.00125, -0.001537, -0.001899, -0.002199, -0.0026, -0.002909]\n",
      "[-0.000373, 1.031777, -0.001973, -0.002782, -0.003747, -0.004602, -0.005682, -0.006572, -0.007761, -0.008671]\n",
      "[-0.000622, -0.001883, 1.079194, -0.004635, -0.006233, -0.007645, -0.009421, -0.010874, -0.01281, -0.014275]\n",
      "[-0.000873, -0.00264, -0.004609, 1.082053, -0.008704, -0.01065, -0.01309, -0.015062, -0.017683, -0.019632]\n",
      "[-0.001126, -0.003401, -0.005931, -0.008328, 1.12655, -0.013603, -0.016662, -0.019098, -0.022327, -0.024677]\n",
      "[-0.00138, -0.004167, -0.007254, -0.010162, -0.013566, 1.124314, -0.020118, -0.022956, -0.026708, -0.029369]\n",
      "[-0.001637, -0.004937, -0.008578, -0.011985, -0.015945, -0.019305, 1.165443, -0.026615, -0.030803, -0.033689]\n",
      "[-0.001895, -0.005711, -0.009902, -0.013792, -0.018279, -0.022031, -0.026619, 1.158661, -0.034604, -0.037636]\n",
      "[-0.002156, -0.006489, -0.011224, -0.015581, -0.020562, -0.024663, -0.029643, -0.033296, 1.197288, -0.041225]\n",
      "[-0.002419, -0.00727, -0.012543, -0.017346, -0.022789, -0.027195, -0.03251, -0.036314, -0.041339, 1.187516]\n",
      "\n",
      "Вектор решений изменённой СЛАУ:\n",
      " [1.01016056 0.98961315 1.01079419 0.98910973 1.01139612 0.98863313\n",
      " 1.0119501  0.9881921  1.01244956 0.98779011]\n",
      "\n",
      "Вектор относительных погрешностей:\n",
      " [ 0.01016056 -0.01038685  0.01079419 -0.01089027  0.01139612 -0.01136687\n",
      "  0.0119501  -0.0118079   0.01244956 -0.01220989]\n",
      "\n",
      "Абсолютная погрешность:\n",
      " 0.012449562108627799\n"
     ]
    }
   ],
   "source": [
    "import numpy as np\n",
    "from numpy import linalg as lg\n",
    "import math\n",
    "alpha, a, b = (55 - 53) / 100, 0, 1\n",
    "h = (b - a) / (10)\n",
    "lbd = 0.6 - alpha\n",
    "data = [a + h/2]\n",
    "\n",
    "# Процедура вывода НЕ numpy матрицы\n",
    "def print_matrix(matrix: list):\n",
    "    for i in range(len(matrix)):\n",
    "        print(matrix[i])\n",
    "       \n",
    "\n",
    "# Функция перезаписи матрицы в десятичном виде с точностью до 6 знака после запятой\n",
    "def remake_matrix(data: list) -> list:\n",
    "    matrix = []\n",
    "    for i in range(len(data)):\n",
    "        array = []\n",
    "        for j in range(len(data[i])):\n",
    "            array.append(float(\"%.6f\" %data[i][j]))\n",
    "        matrix.append(array)\n",
    "    return matrix\n",
    "\n",
    "# Создание пустой матрицы 10 на 10:\n",
    "matrix_A = np.zeros((10, 10))\n",
    "\n",
    "# Заполнение сетки по условию задачи:\n",
    "for i in range(1, 10):\n",
    "    data.append(data[i - 1] + h)\n",
    "for i in range(len(matrix_A)):\n",
    "    for j in range(len(matrix_A[i])):\n",
    "        matrix_A[i][j] = math.atan(data[i] * data[j]) * h\n",
    "        \n",
    "# Создание единичной матрицы 10 на 10        \n",
    "E_matrix = np.identity(10)\n",
    "\n",
    "# Создание матрицы по заданию\n",
    "E_lbdA = E_matrix + (lbd * matrix_A)\n",
    "\n",
    "# Вектор единичек размерностью 10\n",
    "vector_ones = np.ones(10, dtype=\"float\")\n",
    "\n",
    "# Создание векторов b и delta_b соотвественно\n",
    "vector_b = E_lbdA @ vector_ones\n",
    "vector_delta_b = []\n",
    "for i in range(10):\n",
    "    vector_delta_b.append(0.01 * vector_b[i] * (-1)**(i))\n",
    "    \n",
    "# Вывод основных данных по матрицам:\n",
    "print(\"Матрица А:\")\n",
    "print_matrix(remake_matrix(matrix_A))\n",
    "print(\"\\nЕдиничная матрица E (10 X 10):\")\n",
    "print_matrix(remake_matrix(E_matrix))\n",
    "print(\"\\nМатрица lbd * A:\")\n",
    "print_matrix(remake_matrix(lbd * matrix_A))\n",
    "print(\"\\nМатрица (E + lbd*A):\")\n",
    "print_matrix(remake_matrix(E_lbdA))\n",
    "print(\"\\nМатрица (E + lbd*A)-1:\")\n",
    "print_matrix(remake_matrix(lg.inv(E_lbdA)))\n",
    "\n",
    "# Вывод норм и процесс решения СЛАУ\n",
    "print(\"\\nНорма матрицы (E + lbd*A):\", lg.norm(E_lbdA, np.inf))\n",
    "print(\"\\nНорма матрицы (E + lbd*A)-1:\", lg.norm(lg.inv(E_lbdA), np.inf))\n",
    "print(\"\\nЧисло обусловленности матрицы А:\", lg.cond(E_lbdA, np.inf))\n",
    "print(\"\\nВектор b\\n\", vector_b)\n",
    "print(\"\\nНорма вектора b:\", lg.norm(vector_b, np.inf))\n",
    "print(\"\\nВектор delta_b:\", np.array(vector_delta_b))\n",
    "print(\"\\nНорма вектора delta_b\\n:\", lg.norm(vector_delta_b, np.inf))\n",
    "b = vector_b + vector_delta_b\n",
    "relative_error = lg.inv(E_lbdA) @ vector_delta_b\n",
    "print(\"\\nВектор b + вектор delta_b\\n\", b)\n",
    "\n",
    "# Найдём решение x = (E + lbd*A)-1 * b\n",
    "print(\"\\nРешение приближённой СЛАУ\\n\", lg.solve(E_lbdA, b))\n",
    "\n",
    "# Найдём относительную погрешность решения приближённой СЛАУ\n",
    "print(\"\\nВектор относительных погрешностей:\\n\", relative_error)\n",
    "print(\"\\nАбсолютная ошибка вычисления:\", lg.norm(relative_error, np.inf))\n",
    "print()\n",
    "\n",
    "# Найдём решение СЛАУ, которая получается из СЛАУ (3) делением каждого i-го уравнения на число bi+delta_bi\n",
    "work_B = []\n",
    "for i in range(len(E_lbdA)):\n",
    "    data = []\n",
    "    for j in range(len(E_lbdA[i])):\n",
    "        data.append(E_lbdA[i][j] / b[i])\n",
    "    work_B.append(data)\n",
    "matrix_B = np.array(work_B)\n",
    "x_solve = lg.inv(matrix_B) @ vector_ones\n",
    "relative_error = x_solve - vector_ones\n",
    "print(\"\\nМатрица B:\")\n",
    "print_matrix(remake_matrix(matrix_B))\n",
    "print(\"\\nМатрица B-1:\")\n",
    "print_matrix(remake_matrix(lg.inv(matrix_B)))\n",
    "print(\"\\nВектор решений изменённой СЛАУ:\\n\", x_solve)\n",
    "print(\"\\nВектор относительных погрешностей:\\n\", relative_error)\n",
    "print(\"\\nАбсолютная погрешность:\\n\", lg.norm(relative_error, np.inf))"
   ]
  },
  {
   "cell_type": "code",
   "execution_count": null,
   "metadata": {},
   "outputs": [],
   "source": []
  }
 ],
 "metadata": {
  "kernelspec": {
   "display_name": "Python 3",
   "language": "python",
   "name": "python3"
  },
  "language_info": {
   "codemirror_mode": {
    "name": "ipython",
    "version": 3
   },
   "file_extension": ".py",
   "mimetype": "text/x-python",
   "name": "python",
   "nbconvert_exporter": "python",
   "pygments_lexer": "ipython3",
   "version": "3.7.6"
  }
 },
 "nbformat": 4,
 "nbformat_minor": 4
}
